tc0c10s2cf1	19.75	3	5
tc0c10s2ct1	12.30	2	3
tc0c10s3cf1	19.75	3	5
tc0c10s3ct1	10.80	2	5
tc1c10s2cf2	9.03	3	4
tc1c10s2cf3	16.37	3	5
tc1c10s2cf4	16.10	3	5
tc1c10s2ct2	10.75	3	3
tc1c10s2ct3	13.17	2	6
tc1c10s2ct4	13.83	2	5
tc1c10s3cf2	9.03	3	5
tc1c10s3cf3	16.37	3	3
tc1c10s3cf4	14.90	3	2
tc1c10s3ct2	9.20	3	6
tc1c10s3ct3	13.02	2	5
tc1c10s3ct4	13.21	2	5
tc2c10s2cf0	21.77	3	6
tc2c10s2ct0	12.45	3	6
tc2c10s3cf0	21.77	3	3
tc2c10s3ct0	11.51	3	5
tc0c20s3cf2	27.47	4	10
tc0c20s3ct2	17.08	3	6
tc0c20s4cf2	27.47	4	9
tc0c20s4ct2	16.99	3	9
tc1c20s3cf1	17.49	3	10
tc1c20s3cf3	16.44	3	7
tc1c20s3cf4	17.00	4	5
tc1c20s3ct1	18.94	4	9
tc1c20s3ct3	12.60	3	9
tc1c20s3ct4	16.21	4	8
tc1c20s4cf1	16.38	4	6
tc1c20s4cf3	16.44	3	11
tc1c20s4cf4	17.00	4	8
tc1c20s4ct1	17.80	4	11
tc1c20s4ct3	14.43	3	7
tc1c20s4ct4	17.00	4	6
tc2c20s3cf0	24.68	4	7
tc2c20s3ct0	25.79	4	10
tc2c20s4cf0	24.67	4	11
tc2c20s4ct0	26.02	4	9
tc0c40s5cf0	32.20	7	16
tc0c40s5cf4	30.25	6	22
tc0c40s5ct0	27.91	6	17
tc0c40s5ct4	28.63	6	18
tc0c40s8cf0	30.40	6	18
tc0c40s8cf4	28.11	5	25
tc0c40s8ct0	26.22	6	17
tc0c40s8ct4	29.07	5	22
tc1c40s5cf1	64.51	10	25
tc1c40s5ct1	52.33	8	23
tc1c40s8cf1	40.64	7	21
tc1c40s8ct1	40.18	7	24
tc2c40s5cf2	27.54	6	17
tc2c40s5cf3	19.65	5	21
tc2c40s5ct2	26.91	6	14
tc2c40s5ct3	23.39	6	22
tc2c40s8cf2	27.13	6	16
tc2c40s8cf3	19.65	5	22
tc2c40s8ct2	26.28	6	16
tc2c40s8ct3	22.45	5	24
tc0c80s12cf0	34.16	8	66
tc0c80s12cf1	40.91	9	68
tc0c80s12ct0	37.51	8	65
tc0c80s12ct1	39.91	9	59
tc0c80s8cf0	39.08	9	48
tc0c80s8cf1	43.38	9	73
tc0c80s8ct0	40.52	9	61
tc0c80s8ct1	43.85	9	73
tc1c80s12cf2	28.65	7	52
tc1c80s12ct2	28.73	8	54
tc1c80s8cf2	29.15	8	51
tc1c80s8ct2	30.45	8	57
tc2c80s12cf3	30.60	8	57
tc2c80s12cf4	42.10	9	83
tc2c80s12ct3	29.90	8	54
tc2c80s12ct4	40.27	9	74
tc2c80s8cf3	31.70	8	55
tc2c80s8cf4	46.03	9	93
tc2c80s8ct3	31.38	8	65
tc2c80s8ct4	43.83	9	75
tc0c160s16cf2	57.91	15	242
tc0c160s16cf4	76.90	16	367
tc0c160s16ct2	57.64	15	247
tc0c160s16ct4	76.14	16	353
tc0c160s24cf2	56.32	14	253
tc0c160s24cf4	75.53	16	370
tc0c160s24ct2	55.42	14	253
tc0c160s24ct4	75.05	16	372
tc1c160s16cf0	74.54	16	327
tc1c160s16cf3	66.45	15	307
tc1c160s16ct0	74.20	16	326
tc1c160s16ct3	65.31	15	289
tc1c160s24cf0	73.62	16	331
tc1c160s24cf3	62.90	15	282
tc1c160s24ct0	73.34	16	319
tc1c160s24ct3	63.19	15	280
tc2c160s16cf1	56.65	14	252
tc2c160s16ct1	55.37	14	232
tc2c160s24cf1	56.70	14	260
tc2c160s24ct1	55.03	14	238
tc1c320s24cf2	133.32	31	1287
tc1c320s24cf3	106.43	28	1060
tc1c320s24ct2	131.63	30	1231
tc1c320s24ct3	105.93	27	1045
tc1c320s38cf2	129.19	30	1178
tc1c320s38cf3	106.01	28	1129
tc1c320s38ct2	128.82	30	1167
tc1c320s38ct3	105.73	27	1186
tc2c320s24cf0	158.80	33	1343
tc2c320s24cf1	87.46	26	890
tc2c320s24cf4	111.16	28	989
tc2c320s24ct0	159.70	33	1309
tc2c320s24ct1	87.25	26	863
tc2c320s24ct4	111.09	28	1041
tc2c320s38cf0	158.70	33	1356
tc2c320s38cf1	86.92	26	890
tc2c320s38cf4	109.80	28	1087
tc2c320s38ct0	158.71	33	1374
tc2c320s38ct1	86.59	26	894
tc2c320s38ct4	110.05	28	1034