tc0c10s2cf1 2 3 8
tc0c10s2ct1 2 3 8
tc0c10s3cf1 3 2 3 6
tc0c10s3ct1 3 2 3 6
tc1c10s2cf2 2 4 9
tc1c10s2cf3 2 5 11
tc1c10s2cf4 2 6 11
tc1c10s2ct2 2 4 9
tc1c10s2ct3 2 5 11
tc1c10s2ct4 2 6 11
tc1c10s3cf2 3 4 5 11
tc1c10s3cf3 3 6 7 11
tc1c10s3cf4 3 2 8 11
tc1c10s3ct2 3 4 5 11
tc1c10s3ct3 3 6 7 11
tc1c10s3ct4 3 2 8 11
tc2c10s2cf0 2 2 6
tc2c10s2ct0 2 2 6
tc2c10s3cf0 3 2 4 9
tc2c10s3ct0 3 2 4 9
tc2c20s3cf0 3 15 17 20
tc1c20s3cf1 3 15 17 20
tc0c20s3cf2 3 15 17 20
tc1c20s3cf3 3 3 8 18
tc1c20s3cf4 3 8 14 19
tc2c20s3ct0 3 15 17 20
tc1c20s3ct1 3 15 17 20
tc0c20s3ct2 3 15 17 20
tc1c20s3ct3 3 3 8 18
tc1c20s3ct4 3 8 14 19
tc2c20s4cf0 4 3 12 13 21
tc1c20s4cf1 4 3 12 13 21
tc0c20s4cf2 4 3 12 13 21
tc1c20s4cf3 4 8 14 15 19
tc1c20s4cf4 4 2 5 6 10
tc2c20s4ct0 4 3 12 13 21
tc1c20s4ct1 4 3 12 13 21
tc0c20s4ct2 4 3 12 13 21
tc1c20s4ct3 4 8 14 15 19
tc1c20s4ct4 4 2 5 6 10
tc2c40s5cf2 5 5 19 20 24 30
tc2c40s5cf3 5 3 8 23 32 40
tc0c40s5cf4 5 5 19 20 24 30
tc2c40s8cf2 8 7 10 16 24 30 35 38 41
tc2c40s8cf3 8 2 3 6 7 12 26 27 29
tc0c40s8ct0 8 2 10 11 12 13 17 19 38
tc2c40s8ct3 8 2 3 6 7 12 26 27 29
tc0c40s5cf0 5 9 11 17 26 38
tc1c40s5cf1 5 16 23 31 35 38
tc0c40s5ct0 5 9 11 17 26 38
tc1c40s5ct1 5 16 23 31 35 38
tc2c40s5ct2 5 5 19 20 24 30
tc2c40s5ct3 5 3 8 23 32 40
tc0c40s5ct4 5 5 19 20 24 30
tc0c40s8cf0 8 2 10 11 12 13 17 19 38
tc1c40s8cf1 8 3 8 12 18 22 23 32 40
tc0c40s8cf4 8 7 10 16 24 30 35 38 41
tc1c40s8ct1 8 3 8 12 18 22 23 32 40
tc2c40s8ct2 8 7 10 16 24 30 35 38 41
tc0c40s8ct4 8 7 10 16 24 30 35 38 41
tc0c80s8cf0 8 6 7 28 51 53 55 61 77
tc0c80s8cf1 8 5 20 26 28 43 54 64 67
tc1c80s8cf2 8 13 29 65 68 77 78 79 81
tc2c80s8cf3 8 34 37 45 46 50 58 59 80
tc2c80s8cf4 9  2 29 34 48 53 71 73 74
tc0c80s8ct0 9 6 7 28 51 53 55 61 77 
tc0c80s8ct1 8 5 20 26 28 43 54 64 67
tc1c80s8ct2 8 13 29 65 68 77 78 79 81
tc2c80s8ct3 8 34 37 45 46 50 58 59 80
tc2c80s8ct4 9  2 29 34 48 53 71 73 74
tc0c80s12cf0 12 21 24 29 33 41 42 50 64 72 76 79 81
tc0c80s12cf1 12 12 16 24 34 37 45 46 49 50 58 59 80
tc1c80s12cf2 12 5 17 22 23 43 52 59 65 68 70 76 81
tc2c80s12cf3 12 3 4 9 22 24 27 42 44 52 61 70 76
tc2c80s12cf4 12 7 10 11 19 22 23 25 33 41 46 70 75
tc0c80s12ct0 12 21 24 29 33 41 42 50 64 72 76 79 81
tc0c80s12ct1 12 12 16 24 34 37 45 46 49 50 58 59 80
tc1c80s12ct2 12 5 17 22 23 43 52 59 65 68 70 76 81
tc2c80s12ct3 12 3 4 9 22 24 27 42 44 52 61 70 76
tc2c80s12ct4 12 7 10 11 19 22 23 25 33 41 46 70 75